8606371
8606372
8606373
8606374
8606375
8606376
8606377
8606378
8606379
8606380
8606381
8606382
8606383
8606384
8606385
8606386
8606387
8606388
8606410
8606411
8606412
8606413
8606414
8606415
8606416
8606417
8606418
8606419
8606420
8606421
8606422
8606423
8606424
8606425
8606426
8606427
8606431
8606432
8606433
8606434
8606435
8606436
8606437
8606438
8606439
8606441
8606445
8606446
8606447
8606448
8606450
8606451
8606454
8606551
8606552
8606553
8606554
8606555
8606556
8606557
8606569
8606572
8606575
8606577
8606578
8606580
8606581
8606582
8606583
8606585
8606586
8606757
8606758
8606759
8606760
8606761
8606762
8606763
8606764
8606765
8606766
8606768
8606769
8606770
8606772
8606773
8606774
8606775
8606776
8606884
8606885
8606886
8606887
8606888
8606889
8606890
8606892
8606893
8606894
8606895
8606896
8606899
8606900
8606916
8606917
8606918
8606919
8607062
8607063
8607064
8607065
8607066
8607067
8607068
8607069
8607070
8607071
8607072
8607073
8607074
8607075
8607076
8607077
8607078
8607079
8607982
8607983
8607984
8607985
8607986
8607987
8607988
8607989
8607990
8607991
8607992
8607993
8607994
8607995
8607996
8607997
8607998
8607999
8608111
8608112
8608113
8608114
8608115
8608116
8608117
8608118
8608119
8608120
8608121
8608122
8608123
8608124
8608125
8608126
8608127
8608128
8608252
8608253
8608254
8608255
8608256
8608257
8608258
8608259
8608260
8608261
8608262
8608263
8608264
8608265
8608266
8608269
8608270
8608271
